0.002016646639094688
0.001953474258868179
0.002002042303114043
0.0005939080213041355
0.000493892540980596
0.0004686475654792351
0.00042416954893269575
0.0004258318324476325
0.0004091389231325593
0.0003563204098221225
0.00037540414414252157
0.0003746288574378317
0.00036315661874444533
0.00036853545859533675
0.0003417788416845724
0.00032160116209221695
0.00031964437861461194
0.00031953253303072414
0.0002935466346389148
0.00029101700167908956
0.0002861500234575942
0.0002687531579673911
0.00026999367376750647
0.00027552771003684027
0.0002772328750870656
0.00024573779291434523
0.00024531433271476996
0.000241602073268344
0.00024186227943573613
0.00021627778381419678
0.00022187365262652748
0.00021061841388776278
0.00021980311362616097
0.00021190008337725885
0.00019278937890097344
0.00020699111502229546
0.0001869502973810692
0.00019825681035096448
0.0001924688295063485
0.00016957189148039713
0.00018653905378111327
0.00016150958654179704
0.00018954046732687856
0.00019141172793752048
0.00017898339579308715
0.00018242668867363439
0.000155529169132933
0.00015138293548564737
0.00018106233120003404
0.0001742936643374075
0.0001518426746770274
0.0001403413087731072
0.0001432039625554656
0.0001383573362788108
0.00014859215189062526
0.00015518705193244388
0.0001336332881085885
0.00014198273080789174
0.00013840644191077446
0.0001356640386560078
0.00012809088604020266
0.00013982226589481192
0.00012874696076323744
0.0001335845397503969
0.00013518355510313995
0.0001415607288799947
0.00013247477960248944
0.00012603747716639192
0.00012055944961806138
0.00012450389059570928
0.00013348252206924372
0.00011768725933507085
0.00014017692352354062
0.00013293710057041608
0.00011809113493654877
0.00011340454897435847
0.00012245309129260324
0.00010836380006367108
0.0001163567623977239
0.00012261631454748567
0.0001237794439900123
0.00012369008742098232
0.0001087970418666373
0.00011121575529008018
0.00011797561567315522
0.00011079552060740147
0.0001124064267181287
0.00010888109488102296
0.00010976531798708796
0.00011117626579410474
0.00011671185636563071
0.00010416602975359032
0.00010479249687098976
0.00010415901143763525
0.00010875823038077215
0.00011069053121900651
0.00011191242521211582
0.00010797232178447303
0.00010127489142178092
0.00010795455611514626
0.00011401866111555137
9.897394668466102e-05
0.00011916365628470278
0.00011076381839908815
0.00010634157070550524
0.00010214188424773358
0.00010134080051405666
0.00010299694931745763
9.632183584471931e-05
9.93546406122429e-05
9.513592144988555e-05
0.00010610661190488221
9.744458086061058e-05
0.00010801149272689751
9.424969339306699e-05
0.00010328786470684766
0.00010270697216280192
0.00010297448968534202
9.24088172178017e-05
9.79155294286708e-05
9.506916003980829e-05
9.664309175908178e-05
0.00010428113452993178
9.287897311878624e-05
0.00010185518061916809
9.234669467938754e-05
9.796821971879884e-05
9.801990949199534e-05
9.39772378114867e-05
9.846675568648304e-05
0.00010010969388531521
9.07500335839965e-05
9.517123986976609e-05
9.39435834637455e-05
9.28854266506581e-05
9.530137229982453e-05
9.318049269495532e-05
8.95294173581836e-05
9.114640122182512e-05
9.255659690097672e-05
9.106970219969904e-05
8.944317063045068e-05
8.578703160310397e-05
9.085000624812285e-05
9.053122634213651e-05
9.482129177437551e-05
8.930808116322926e-05
9.128942016104701e-05
8.283084890232809e-05
8.482180580661709e-05
8.773687419306952e-05
8.329579854034819e-05
9.337847447265328e-05
9.561065460729879e-05
8.9554615636492e-05
8.836424447508762e-05
8.293024994297109e-05
9.394398365354088e-05
0.00010193192432780052
8.314498515877251e-05
8.526458608685062e-05
8.913917271759904e-05
7.738300810160581e-05
8.353817322737693e-05
8.661886757181492e-05
8.122719074890483e-05
8.330554623777668e-05
8.447037042060402e-05
8.962899782394137e-05
7.784301674594947e-05
8.905454133734262e-05
8.430847836280009e-05
7.87219452225448e-05
8.564126151516879e-05
8.344714569830103e-05
8.537860151894469e-05
8.208356448449194e-05
7.511440408658624e-05
9.836916181181248e-05
8.792985008767573e-05
8.034681681844328e-05
8.093835011095507e-05
7.959216048523862e-05
8.113604463384641e-05
7.654217180970591e-05
8.655410444286341e-05
7.91510849740007e-05
8.194581546073702e-05
7.6408214069185e-05
8.416912876176259e-05
8.392901329595286e-05
8.599389611238924e-05
7.946355384774506e-05
8.30842967722371e-05
7.623128908259484e-05
7.499034628078031e-05
8.60630655491453e-05
7.204264642496127e-05
8.615411180168545e-05
8.722024816961494e-05
7.116012391634286e-05
6.869594182110935e-05
8.698094035935355e-05
7.961694722932104e-05
7.662326684415651e-05
7.583635992583974e-05
7.893622312015698e-05
8.557698787626577e-05
8.066287509185107e-05
8.103598327579675e-05
7.141259946365608e-05
8.650517081453775e-05
8.843119137357765e-05
7.767898748473574e-05
8.668323745951056e-05
7.42297810211312e-05
6.699572587725318e-05
7.620725737069733e-05
7.612870660523186e-05
8.538407336648865e-05
8.228314090956701e-05
8.00765240516436e-05
8.124393983356034e-05
7.96193956436279e-05
6.92528425255053e-05
6.967862402234459e-05
7.843745348509401e-05
7.648358099686448e-05
6.886649075264965e-05
7.75570766685026e-05
7.382397023926994e-05
7.624249958704847e-05
8.382947556431949e-05
7.243833397903169e-05
7.657892534552957e-05
6.97970878779112e-05
7.681949869341527e-05
7.5637783423493e-05
7.39812745450763e-05
7.458033272996545e-05
7.956380474449058e-05
7.148887589816393e-05
6.991425517602087e-05
8.028084121178836e-05
7.22370934333109e-05
7.252090218874704e-05
7.352068632220229e-05
7.371963126691601e-05
7.116532135114539e-05
6.778871377415878e-05
7.266871646910052e-05
8.631796921690693e-05
7.951482343438936e-05
7.060010021329314e-05
8.350688162560497e-05
7.114502112623692e-05
6.754354574998919e-05
6.709660051152848e-05
6.504959214604848e-05
7.521400583452002e-05
6.963073605826746e-05
7.426868190426224e-05
7.012330765671019e-05
7.254261512571248e-05
7.84714110098624e-05
7.280747318873182e-05
6.970393517500877e-05
6.768517894670367e-05
6.664751602632653e-05
7.496776710468112e-05
6.583769810580027e-05
7.228767272560314e-05
7.464853260898962e-05
6.988746817417753e-05
6.401338784902084e-05
7.812198276951676e-05
6.967273120608297e-05
6.793660441568742e-05
7.475248797466823e-05
7.281003653285248e-05
7.058596900606063e-05
6.814209866812841e-05
7.339556599617935e-05
6.493559377001172e-05
7.243058670307315e-05
7.410306842454399e-05
7.250763170911038e-05
6.210488453386158e-05
6.5964630854675e-05
6.210552778914765e-05
6.866957440555173e-05
6.317014500988686e-05
6.233226699502362e-05
6.745113011371965e-05
6.925701657261622e-05
6.877294149793064e-05
6.363730681187007e-05
6.82538157889212e-05
6.43110000116091e-05
7.066446027844601e-05
6.45378867314624e-05
6.502721368936667e-05
6.709934413568893e-05
6.196986762006417e-05
6.73466539835014e-05
6.873511701390574e-05
6.308010708986937e-05
6.711599651680444e-05
6.424054816307035e-05
6.532627581085157e-05
6.0118328541041895e-05
6.66411563118648e-05
6.14308341088569e-05
5.926574141388604e-05
6.766147318558069e-05
6.738916332930482e-05
6.231299118856744e-05
6.686101060646858e-05
5.9205099472213384e-05
6.566607201117829e-05
6.619431290649421e-05
6.238352983928052e-05
5.978869425234734e-05
6.066266545531107e-05
6.487807227434436e-05
6.223267586392466e-05
6.54934547371037e-05
6.249707583871593e-05
6.630908447429344e-05
7.143586742434612e-05
6.189627033866903e-05
6.211846239239094e-05
5.617361899567186e-05
6.299442600114465e-05
7.113840385500225e-05
6.476682644764271e-05
6.429483715085855e-05
6.03169240821444e-05
5.988977351686723e-05
6.364519146397166e-05
5.5538418934399184e-05
6.533495826564225e-05
5.892576110151519e-05
6.698502287690645e-05
6.345184669044101e-05
5.9333149820304243e-05
6.35162594699068e-05
6.0411855914329254e-05
5.805519582281704e-05
5.745543759379264e-05
5.616598511551274e-05
6.730039755590649e-05
6.113185799525429e-05
5.7172478882421274e-05
6.582036302158182e-05
5.831591389020711e-05
5.8199967570544685e-05
5.5726940257348667e-05
5.8154667282603134e-05
5.940052682490204e-05
5.260064609198404e-05
5.461919820542486e-05
5.759389091205473e-05
5.931458705163095e-05
5.988661643641535e-05
5.820975898435184e-05
5.2536507397841584e-05
5.921038251472055e-05
6.217512775037904e-05
5.7764312223298476e-05
5.9576714465947586e-05
5.789242318011626e-05
5.571820511856155e-05
5.175142825464718e-05
5.481302720606133e-05
6.25484305722542e-05
5.9778254775058786e-05
5.662069553485102e-05
5.9314252648619e-05
6.261651079815541e-05
5.529733933144598e-05
5.1962640912582475e-05
5.5389163420234885e-05
5.39194414159283e-05
5.446136648364093e-05
6.43936222998794e-05
5.8146743200874576e-05
5.242172449773837e-05
5.10858891660367e-05
5.114538921285809e-05
5.842345587249535e-05
5.426446986045145e-05
5.8530096266622424e-05
5.8455283621394e-05
6.243045664935683e-05
5.348830458994295e-05
5.472836454525047e-05
6.019886959014305e-05
5.315205631025795e-05
5.318862551575876e-05
5.232082994552911e-05
4.9662833795688736e-05
5.612274869539154e-05
5.427964504633565e-05
6.66999915301858e-05
5.5664739023389604e-05
5.5471444138675e-05
5.5365287444146816e-05
5.55809120972602e-05
5.024637718330875e-05
5.199102680611153e-05
5.799220015129928e-05
5.658078425161269e-05
5.492570144876178e-05
5.5769255080425255e-05
5.5979430386893605e-05
5.452852627665076e-05
5.7423659363848855e-05
5.382166077955238e-05
5.1420764739305016e-05
5.519366234390569e-05
5.4261561945168066e-05
5.251610085906577e-05
5.4091499381077784e-05
5.7100278481811984e-05
5.108345455179612e-05
4.810713372232082e-05
5.192512810026528e-05
5.410931283525618e-05
5.138420869722419e-05
5.189860825945895e-05
5.239805330347736e-05
5.701395366486395e-05
4.532768328620781e-05
5.204859729322682e-05
5.26989649066915e-05
5.58945790726284e-05
4.8706484837263515e-05
5.6651071627129565e-05
4.8928665995238894e-05
5.142404644478423e-05
5.1618311293471685e-05
5.285946748093314e-05
4.808975197496087e-05
5.312253969047257e-05
5.346633761898071e-05
5.0407855293694105e-05
4.7677515085524645e-05
5.4188215532728164e-05
5.122895488057111e-05
5.0728511335667763e-05
4.4625356792190967e-05
5.020059796152054e-05
5.1418566563370405e-05
5.553747116209706e-05
5.741123391999281e-05
4.965943632972388e-05
5.308077303197933e-05
4.6649365795019546e-05
4.4737347695142184e-05
4.967059666644976e-05
4.789873516225877e-05
5.422512013562179e-05
5.0144482902396706e-05
4.586799356426733e-05
4.8938196565965576e-05
4.954956759926669e-05
4.859722393424212e-05
4.633158407765829e-05
4.590743443865601e-05
4.7179487361669694e-05
4.746317706424937e-05
4.702239487717937e-05
4.5279524025924424e-05
4.765773852947556e-05
4.671123962301257e-05
4.931869676511269e-05
4.8284752562418965e-05
4.9786772578954696e-05
4.828365098243618e-05
5.2898512961595164e-05
4.786334316425685e-05
4.698140218048744e-05
4.532420121904579e-05
4.452852070244262e-05
4.6053612483471324e-05
4.606253994400807e-05
4.422456482037281e-05
5.124955310748192e-05
5.122349273127232e-05
4.56600322528781e-05
4.1924845633426835e-05
5.226118273640168e-05
4.4525051477345794e-05
4.667030943285984e-05
4.6260097490934035e-05
4.672459400656711e-05
4.896391750056258e-05
4.213746164168697e-05
4.572351677173477e-05
4.15407444537171e-05
4.734122144630722e-05
5.535961165151093e-05
4.236428574586171e-05
4.6233870222446664e-05
4.616472029738361e-05
4.411198877884696e-05
4.1778884921465456e-05
4.504029951931443e-05
4.652011056047437e-05
4.609758540027542e-05
4.2192591245111543e-05
4.4645308419906846e-05
4.232328987200163e-05
4.302905885197106e-05
4.2337106660852444e-05
4.794008815830845e-05
4.288767537824848e-05
4.432606085780814e-05
4.314125916910901e-05
4.163039925212312e-05
4.5474093755425805e-05
4.2783200818424424e-05
4.420621469156079e-05
4.5033099965318494e-05
4.877034994933638e-05
4.180293837634963e-05
4.324839739638264e-05
4.777990810301465e-05
4.218321462152138e-05
4.041158783365972e-05
4.156255005606606e-05
4.063507032090759e-05
4.64976642736777e-05
4.4986113856187634e-05
4.160120539381751e-05
4.1862828032511366e-05
4.1364660786105865e-05
4.3155975041978915e-05
4.23258537981989e-05
4.042078149116908e-05
4.396349516658423e-05
4.27777380112578e-05
4.784946272290351e-05
4.244286217726767e-05
4.017814053440816e-05
4.483912813763406e-05
4.138704492409791e-05
4.6217227791203185e-05
3.455955703126771e-05
4.4414014422121306e-05
3.963797630907114e-05
3.715633091511942e-05
4.6399579641729364e-05
3.719039662125093e-05
4.343320450061583e-05
3.99521438521333e-05
4.65288843831028e-05
3.85477254712896e-05
3.7371169340379615e-05
3.832881263103142e-05
3.731047551506587e-05
4.0074715683052395e-05
3.8625882771157196e-05
4.064787172562016e-05
4.158453324635048e-05
3.9392160263863234e-05
3.8145273416982185e-05
4.0122847816140466e-05
3.679747582888619e-05
4.746445837251182e-05
3.573972324981393e-05
3.838848092830934e-05
3.8944500247453106e-05
4.3906683883202885e-05
3.6712165383505634e-05
4.0707543897345505e-05
4.100978523032002e-05
3.8666289547109046e-05
4.1445374360288646e-05
3.9361257859127366e-05
3.7085781593001835e-05
4.203314632225859e-05
3.9718294944274626e-05
3.97387391240045e-05
4.050746392143386e-05
3.7056969789167244e-05
3.796563016900715e-05
4.0509544199570276e-05
3.477128819213249e-05
3.609851427124037e-05
3.759549244629549e-05
3.8359077674006885e-05
3.710062755393058e-05
3.879996792117405e-05
4.200650602191066e-05
3.916024955591032e-05
3.572055518816342e-05
4.004364234788227e-05
4.227232184954725e-05
3.7672696525987706e-05
3.579368035692217e-05
3.812070372077869e-05
3.673810770123964e-05
3.56461950832454e-05
4.328929505694153e-05
3.483902185204594e-05
3.840236123020683e-05
3.578723864241814e-05
3.728549211700738e-05
3.826359124407948e-05
3.696460123440678e-05
4.265175646651187e-05
3.8973395652040686e-05
3.707045489136363e-05
3.5220762250294986e-05
3.7030088375710575e-05
4.012850132009286e-05
3.711934445770263e-05
3.590239590873049e-05
3.8209551294130504e-05
3.468642390847284e-05
3.642053140235172e-05
3.795320532541761e-05
3.624317818927617e-05
3.6661945493203045e-05
3.478569854754217e-05
3.777142817246689e-05
3.8140150378846254e-05
3.8059175246113834e-05
3.5336557139089565e-05
3.409544481958922e-05
4.2470043311671664e-05
3.496167815683293e-05
3.309461568278493e-05
3.7785390765445e-05
3.337933678267291e-05
3.281235545424958e-05
3.547416806516897e-05
3.965626210629125e-05
3.547539978778029e-05
3.6511077190273985e-05
3.357777851306309e-05
3.059402598410088e-05
4.317275904516767e-05
3.670614503183363e-05
3.525147955466915e-05
3.4078294283972355e-05
3.185924268715705e-05
3.809485107922228e-05
3.7188345710698435e-05
3.401732970814919e-05
3.934705016642208e-05
3.515045410798242e-05
3.797830682439477e-05
3.2150193067839916e-05
3.842756392865946e-05
3.4421051968820396e-05
3.369733368648061e-05
3.696005753833257e-05
3.346823271082636e-05
3.2536276479125565e-05
3.4250624403284745e-05
3.3704432883799506e-05
3.384670211744378e-05
3.432092216219947e-05
3.5265125940592646e-05
3.663517761500164e-05
3.353034032140083e-05
3.383886108470809e-05
3.174296253746433e-05
3.738716819498222e-05
3.309809213533299e-05
3.5463761420639154e-05
3.0209929655029555e-05
3.219505893563716e-05
3.428074500334333e-05
3.229790978972839e-05
3.190469350253503e-05
3.297339746495709e-05
3.1761354954748336e-05
3.2592250987969844e-05
3.461506660338879e-05
3.179353660319369e-05
3.313798448289162e-05
3.5015427635395705e-05
3.0819559818458704e-05
3.290827449139518e-05
3.1620593551148585e-05
3.13773669222428e-05
3.4492259480127056e-05
3.544656748999841e-05
2.988615485264745e-05
2.88226421859387e-05
3.536681737690136e-05
3.717611463192346e-05
3.19019435634497e-05
2.9342920849254977e-05
3.19928138803031e-05
3.237818712780912e-05
3.1773467423287605e-05
3.297230788727271e-05
2.9628820975631242e-05
3.258819987725777e-05
3.31296973915111e-05
3.714201639619811e-05
3.4180299523238014e-05
3.126154300844064e-05
3.0204789312241094e-05
3.5957094175197807e-05
2.9010611676009528e-05
3.300691959945349e-05
3.155466002075021e-05
3.217606719772448e-05
3.405595639681754e-05
3.401969670145869e-05
3.2354323942248205e-05
3.118297928570731e-05
3.1821043391270604e-05
3.303977692970269e-05
3.074576489173826e-05
3.041694160856423e-05
3.429529658812195e-05
3.273323219218582e-05
3.235028323918717e-05
2.9959975463498268e-05
3.412923314802659e-05
3.145773702575146e-05
3.01878215304896e-05
3.276084847736153e-05
3.171913515264653e-05
3.090298257423759e-05
3.278543224041641e-05
3.0562615047529105e-05
3.199978298956315e-05
2.6437477754370774e-05
3.286962988264956e-05
2.9410123667427493e-05
3.633906247462922e-05
2.9501000135496724e-05
2.9856426038653202e-05
3.1059067111224674e-05
3.4405684970503596e-05
3.4517886172883055e-05
2.9640271753426834e-05
3.0142912470788968e-05
2.885217971197562e-05
3.256200645713155e-05
2.9985034107085085e-05
3.20384866851479e-05
2.811105896095493e-05
2.6690932205989763e-05
3.277298651179687e-05
2.9391127224395556e-05
3.0792304190375335e-05
3.465084759530631e-05
3.121751175967802e-05
3.277022370032985e-05
3.390920798968485e-05
2.7805626286863118e-05
2.840242525659657e-05
3.0320214142799766e-05
3.606843625069208e-05
3.1613535672173994e-05
2.814211279655865e-05
2.7202522308774253e-05
2.818591075083532e-05
2.9033081840073768e-05
3.5263129063120384e-05
3.061166207165418e-05
2.5978552775995924e-05
2.7423204974184044e-05
2.898410819094958e-05
2.9314105904632016e-05
3.096823353492558e-05
3.013144456720814e-05
3.008393653241607e-05
3.0377634927087154e-05
2.8191987570001706e-05
2.9813468199790804e-05
2.922528263601028e-05
2.801088247906591e-05
2.9790134852495006e-05
2.908193821895111e-05
3.2360281681273286e-05
2.725755572403917e-05
2.8827865122972677e-05
2.9786688683088868e-05
3.001582744521632e-05
3.0384101925543898e-05
2.9849019535201176e-05
3.2197440250456564e-05
2.8539378745335854e-05
3.339781990386352e-05
2.931463784686154e-05
2.6087348163249166e-05
3.14531447141538e-05
2.6826248219246434e-05
2.5973710316975486e-05
2.6772929468279473e-05
2.7977260066715342e-05
2.6660898477833446e-05
