1.0221065e-05
1.1352071e-05
2.0063882e-05
2.876162e-05
1.1476823e-05
1.8981576e-05
2.0599713e-05
1.8780162e-05
1.2223676e-05
3.1579424e-05
1.2184433e-05
1.4154201e-05
1.4144149e-05
4.254288e-05
3.0952826e-05
2.2776163e-05
2.153463e-05
2.4727939e-05
4.767838e-05
1.5192797e-05
1.8726161e-05
4.6890767e-05
1.30356775e-05
1.7863955e-05
6.5503205e-05
2.86117e-05
3.13486e-05
1.7330622e-05
1.4392175e-05
2.7230712e-05
1.7012997e-05
3.4517645e-05
3.8519356e-05
7.864408e-05
5.099397e-05
3.248929e-05
1.119826e-05
1.1217626e-05
3.3047123e-05
3.5314006e-05
0.00018395545
9.937681e-06
1.0099905e-05
4.8809532e-05
1.0523541e-05
3.448297e-05
1.1100394e-05
2.6517053e-05
0.00011560302
1.1004683e-05
3.010302e-05
1.9928597e-05
1.823527e-05
4.104677e-05
3.7900154e-05
1.0768523e-05
3.272408e-05
1.0017295e-05
1.980616e-05
4.7281974e-05
2.5723271e-05
1.3209449e-05
1.0598059e-05
7.3903815e-05
5.2262618e-05
2.9636703e-05
2.1462774e-05
1.4422022e-05
1.1451073e-05
2.5969817e-05
1.1250875e-05
1.3836935e-05
1.7238997e-05
2.7426857e-05
1.0731359e-05
1.6089449e-05
3.680077e-05
1.3631565e-05
3.1305197e-05
1.5842905e-05
1.4133023e-05
1.9304276e-05
4.782864e-05
2.228994e-05
2.1351436e-05
8.7136665e-05
3.050451e-05
4.2852487e-05
7.225412e-05
1.2147184e-05
1.8067352e-05
3.6842615e-05
2.1505879e-05
3.596704e-05
1.584037e-05
1.343833e-05
1.4969565e-05
1.9537798e-05
1.8805742e-05
8.1159604e-05
1.1813357e-05
3.5024845e-05
1.8499872e-05
1.6152533e-05
1.48029985e-05
2.2288095e-05
4.730271e-05
3.6842615e-05
5.4146087e-05
5.015651e-05
1.622597e-05
2.7824153e-05
1.0791269e-05
0.0002628041
1.6848006e-05
2.8694842e-05
3.7933263e-05
2.757123e-05
2.3450866e-05
3.665703e-05
1.6163043e-05
1.3685851e-05
1.0523541e-05
1.3057746e-05
3.45776e-05
0.000479039
2.9636703e-05
1.1365371e-05
2.3917668e-05
1.0743184e-05
2.5471432e-05
1.5312427e-05
1.1548847e-05
2.043083e-05
2.048711e-05
2.731368e-05
2.3897846e-05
1.8688597e-05
1.2528232e-05
1.0617718e-05
1.3807254e-05
2.5988395e-05
2.5988395e-05
1.0749556e-05
2.12659e-05
9.784173e-06
2.0261245e-05
7.776753e-05
2.0082756e-05
1.5975173e-05
2.7219376e-05
1.5514113e-05
1.8669207e-05
2.3805522e-05
1.3874273e-05
3.8386308e-05
2.0164449e-05
1.1211401e-05
3.8331505e-05
2.4175546e-05
2.4038207e-05
2.3619796e-05
2.4801808e-05
4.4388304e-05
1.5771262e-05
1.5791891e-05
3.5241013e-05
1.3215217e-05
3.9569695e-05
1.1823187e-05
1.851394e-05
2.8531833e-05
5.9660557e-05
2.741658e-05
2.346694e-05
2.6404108e-05
2.299951e-05
1.584037e-05
1.1823824e-05
1.536435e-05
1.2467165e-05
1.8684157e-05
2.1301095e-05
2.2961587e-05
1.569116e-05
1.3057746e-05
1.5545636e-05
2.3739523e-05
3.2932105e-05
4.5835113e-05
4.2570417e-05
2.9165356e-05
1.5368852e-05
1.07488695e-05
2.6022877e-05
1.4461755e-05
2.400991e-05
2.3277233e-05
2.6954922e-05
1.576154e-05
1.4864345e-05
2.853496e-05
2.1313033e-05
1.4820231e-05
2.713637e-05
1.0009088e-05
6.938872e-05
1.6548775e-05
2.8332694e-05
3.6814403e-05
2.4431141e-05
2.2507184e-05
1.4375665e-05
1.4288832e-05
3.3150973e-05
1.5366983e-05
2.0924876e-05
4.5835113e-05
6.971466e-05
1.6089449e-05
2.1840702e-05
2.0082756e-05
9.40188e-06
2.0731439e-05
1.3291234e-05
1.3209449e-05
1.9955523e-05
1.0841734e-05
2.346425e-05
1.1301856e-05
2.5745105e-05
1.2747887e-05
7.864408e-05
9.217466e-05
2.2067725e-05
2.9171399e-05
1.9911371e-05
4.8592854e-05
1.5952432e-05
2.6985119e-05
2.644563e-05
1.0898807e-05
1.792616e-05
1.7327537e-05
3.9519335e-05
1.3158537e-05
3.010302e-05
2.2586137e-05
2.4968125e-05
1.8736075e-05
1.5628671e-05
3.5807716e-05
1.6982469e-05
2.0225416e-05
1.8497816e-05
1.0769722e-05
2.4968125e-05
8.465465e-05
8.042896e-05
9.0444355e-06
1.9378407e-05
4.3468128e-05
2.6786136e-05
1.5084914e-05
5.3928663e-05
1.3203466e-05
1.6225204e-05
2.9997003e-05
2.4440751e-05
1.1047774e-05
2.4335211e-05
2.2561455e-05
1.4453524e-05
1.1592443e-05
1.9404164e-05
1.667684e-05
6.771141e-05
1.2303555e-05
2.2330594e-05
8.397036e-05
2.0763575e-05
2.580254e-05
1.3893993e-05
1.87554e-05
6.743614e-05
1.1573482e-05
1.271431e-05
2.0783027e-05
2.5205056e-05
1.9855412e-05
1.6683487e-05
1.6982469e-05
1.0518164e-05
1.9933459e-05
3.2641405e-05
2.2944745e-05
3.1735777e-05
1.0836015e-05
2.3079192e-05
2.3897846e-05
2.757123e-05
3.1915013e-05
1.437796e-05
2.576954e-05
1.3338744e-05
1.8459072e-05
1.6815491e-05
9.601627e-06
2.2115197e-05
1.3474737e-05
1.7754799e-05
2.4563325e-05
1.1575807e-05
1.0935248e-05
1.2358525e-05
1.3879269e-05
1.8113325e-05
2.3619796e-05
3.0542236e-05
2.2835902e-05
2.3277233e-05
2.54974e-05
7.302289e-05
4.0596948e-05
2.2835902e-05
1.8126164e-05
1.2979169e-05
1.2323587e-05
4.8225338e-05
1.7159866e-05
4.275921e-05
1.4106925e-05
1.4723335e-05
1.6258435e-05
2.9171399e-05
0.00011014749
3.174797e-05
2.799219e-05
2.1415563e-05
1.24003145e-05
1.3414111e-05
1.6504526e-05
1.0629788e-05
8.178562e-05
1.0030728e-05
2.2572473e-05
1.033502e-05
1.1911634e-05
1.7531182e-05
2.1060348e-05
2.4770176e-05
7.121119e-05
1.4383961e-05
1.2078045e-05
2.2719112e-05
2.7749491e-05
3.53396e-05
1.6651233e-05
2.423993e-05
2.3760216e-05
1.7754799e-05
2.0220632e-05
1.34468655e-05
1.0606714e-05
3.7388003e-05
2.8061917e-05
2.0208097e-05
1.16860465e-05
3.9569695e-05
4.0888888e-05
2.247989e-05
2.0168281e-05
2.6141424e-05
2.2687738e-05
9.257721e-06
2.1536132e-05
3.603257e-05
2.7364305e-05
3.1072188e-05
2.2440488e-05
3.16131e-05
1.7945162e-05
1.2779202e-05
2.3583663e-05
2.3010365e-05
7.923775e-05
1.38482765e-05
1.3516213e-05
1.1178847e-05
9.467469e-06
7.302289e-05
2.7426857e-05
2.1838336e-05
3.7350303e-05
1.714102e-05
1.8341023e-05
1.8745348e-05
3.3262928e-05
1.08889035e-05
1.6870516e-05
1.28395e-05
1.2682683e-05
1.7374556e-05
3.7350303e-05
1.6099264e-05
2.6611548e-05
1.36645995e-05
2.6844262e-05
2.618973e-05
1.38482765e-05
1.7440567e-05
1.5401598e-05
2.0177322e-05
1.2464267e-05
2.4648141e-05
2.0599684e-05
2.2175795e-05
1.5264213e-05
1.9393996e-05
2.563107e-05
1.2765551e-05
1.7074663e-05
2.6163889e-05
2.1505879e-05
3.6816946e-05
1.2335409e-05
1.3893993e-05
2.8675679e-05
6.886525e-05
2.2573686e-05
2.6494756e-05
