0.0011201779
0.038888566
0.006189673
0.0046916455
0.0022087025
0.006811537
0.01626877
0.009887273
0.0064429427
0.0052596545
0.003972268
0.0032514348
0.0035084721
0.0005969347
0.0017274094
0.003302011
0.01227913
0.00620583
0.0006111498
0.004988235
0.010145796
0.01943015
0.011772781
0.0060725273
0.001386566
0.0035581412
0.00063978863
0.027491074
0.014365003
0.0049684793
0.0028662535
0.0106791975
0.0064937687
0.0048623043
0.008779683
0.006415659
0.00040567588
0.0005906533
0.007613385
0.0023974853
0.0005430526
0.008701433
0.0019139163
0.005343597
0.029100802
0.0023234647
0.015152539
0.069018126
0.0020196422
0.0068036136
0.011910678
0.0026484022
0.0037560014
0.0066357055
0.0019381035
0.0028861933
6.0518392e-05
0.0014646013
0.0037914605
0.0014626124
0.0012663024
0.0033952196
0.0022850204
0.0059878537
0.014125064
0.0044055996
0.0010773992
0.012049168
0.008824065
0.0010931732
0.027824355
0.0068525467
0.0044867573
0.0069976905
0.009588065
0.008775361
0.005238698
0.029713599
0.0033277457
0.0022286226
0.01779924
0.0050224825
0.010046954
0.0047648936
0.008222271
0.0071851686
4.753573e-05
0.002102945
0.0014832168
0.0026670583
0.0008907225
0.001983192
0.0026095128
0.0065648546
0.000523765
0.0068089645
0.009292985
0.0048270915
0.01473387
0.022292452
0.0033420785
0.003043799
0.06495736
0.0037903707
0.013911055
0.0125380065
0.01268003
0.001983192
0.0045911623
0.004050851
0.012047217
0.007286303
0.0022960708
0.016728213
0.005487165
0.0049151108
0.0049235174
0.0046533043
0.029508617
0.00031670203
0.0063231755
0.007215061
0.029100802
0.013076041
0.0010727547
0.0024877833
0.0044055996
0.0017160937
0.014982735
0.0013355933
0.0043950486
0.0064671114
0.0053445194
0.0008409389
0.00950299
0.009260104
0.004138318
0.011965884
0.002555192
0.034824315
0.006161912
0.0011594229
0.0011594229
0.0020192966
0.0013832723
0.010962515
0.0006391958
0.009686359
0.037384786
0.007351251
0.004831426
0.0018241178
0.0022305201
0.047612272
0.0027729797
0.0025285413
0.001312774
0.00740627
0.018542843
0.009112811
0.009722678
0.0151509065
0.0011518693
0.00095791783
0.017140541
0.005624866
0.0046522454
0.0028145423
0.0054389397
0.0016943255
0.015605036
0.03805708
0.0011826092
0.0067854854
0.0006368786
0.0036567727
0.0019310301
0.000523765
0.001901777
0.002572044
0.017458085
0.00604333
0.012053332
0.0059481887
0.0062068347
0.013076041
0.003038834
0.0034986888
0.009119733
0.022796001
0.012075542
0.002947834
0.039857816
0.038563903
0.013470369
0.0048337285
0.0143236015
0.004173592
0.002319123
0.005501324
0.0052702227
0.0037569213
0.002481673
0.0050020968
0.0032868907
0.005716318
0.021377202
0.030090105
0.004428541
0.0032997658
0.059322625
0.0032067404
0.010522961
0.0034095875
0.009648071
0.0040942715
0.0017132465
0.022796001
0.0005170015
0.008775361
0.0003236684
0.037384786
0.0004901187
0.0084066065
0.009694732
0.0033952196
0.003888551
0.0053514927
0.0021212725
0.020405414
0.07216187
0.021385979
0.0048623043
0.007816466
0.00084267836
0.007589397
0.0031440542
0.0067986096
0.007531931
0.006373101
0.003400599
0.0057731923
0.011970857
0.018478988
0.0014148593
0.0041952496
0.011910678
0.0027981016
0.016094126
0.006010434
0.004984186
0.0017584153
0.0023151732
0.0072563603
0.007877826
0.005941678
0.016094126
0.011291052
0.011831505
0.0089922035
0.006009967
0.02244558
0.010388701
0.0029364992
0.009302265
0.0063126567
0.0063237078
0.0070613255
0.008458065
0.0003605549
0.0005012278
0.00053192483
0.010895684
0.0025834083
0.023149706
0.005271079
0.0028434969
0.004412677
0.0017027778
0.014097368
0.0018621677
0.0055736294
0.016229784
0.02150274
0.019349368
0.009420286
0.017701462
0.0043097907
0.0008556362
0.004285421
0.009855341
0.0023151732
0.007877891
0.007074901
0.0053707813
0.0036261352
0.00795831
0.021263089
0.011341837
0.004138318
0.0046533043
0.013590939
0.004672387
0.006215639
0.0057275197
0.0032348286
0.0023835883
0.004446947
0.009976374
0.009042785
0.00341364
0.00076899887
0.0021912076
0.0060640955
0.011085043
0.00042565443
0.00075537077
0.0151509065
0.0016670522
0.010246851
0.004173592
0.0055476194
0.009888974
0.0103949895
0.010246851
0.0033922943
0.00094514067
0.0011328514
0.012380127
0.008999772
0.002993921
0.005597264
0.005914376
0.0027143396
0.007589397
0.007912434
0.0261568
0.012387768
0.0049584717
0.01494823
0.0043471353
0.0064737615
0.007423654
0.01044043
0.0001433046
0.0027346057
0.004017942
0.0043085166
0.0016940023
0.0018289068
0.0022395267
0.006710787
0.0065371585
0.005223585
0.0067779147
0.0082859285
0.014386746
0.0032063934
0.0066618207
0.008977591
0.00341364
0.00088118983
0.009810889
0.0019053608
0.0041728774
0.0011263079
0.002766749
0.012232746
0.0054389397
0.0074749407
0.0015274432
0.0009611229
0.007954415
0.00012092864
0.0017786415
0.0048978887
0.00022811216
0.0022108569
0.0023911656
0.004697532
0.005133698
0.0104031935
0.00015670325
0.006606403
0.000813926
0.013748053
0.0058103562
0.0041695647
0.0066867084
0.017256008
0.009888974
0.0069976905
0.0042713135
0.0037539173
0.00036724145
0.0048537483
0.024523823
0.012813199
0.009956895
0.004953082
0.0040682666
0.00921713
0.0066052773
0.0037539173
0.04300102
0.0052909674
0.008464308
0.0045474772
0.027333261
0.0058103562
0.0043091904
0.001258655
0.0026482744
0.0053505143
0.0030316482
0.0051285815
0.010876655
0.0037761673
0.013045462
0.021248298
0.0066357455
0.0020973824
0.0076920413
0.0026095128
0.059604168
0.015424644
0.016229784
0.0016944112
0.0024356465
0.019585483
0.00069245364
