0.021157185
0.0008734938
0.005515729
0.008637877
0.00620546
0.0036905222
0.007047076
0.011892464
0.011575397
0.011819203
0.003235193
0.009321002
0.0009888158
0.016392132
0.033670902
0.0047148694
0.001819942
0.0035331978
0.012636632
0.014669064
0.010057011
0.008319782
0.0042274883
0.010649134
0.025897184
0.011331162
0.009798281
0.017495407
0.009898858
0.0062272116
0.00352533
0.0015643785
0.016721025
0.00068023417
0.0025013448
0.009715852
0.00530945
0.016602978
0.013542549
0.0029058505
0.05184637
0.004774065
0.0046693687
0.0
0.0027719121
0.040569182
0.002862076
0.010615682
0.005545899
0.0034041135
0.018544346
0.0060209124
0.011871917
0.00709953
0.0027083487
0.011822304
0.018483147
0.08465012
0.0026417056
0.003135936
0.004087071
0.009045561
0.010967967
0.016843189
0.008305449
0.0075558797
0.006825402
0.0033913448
0.03323996
0.003962106
0.0031670227
0.0028674041
0.0038553474
0.0065920753
0.0018425698
0.008691608
0.002365754
0.0030094625
0.0021292646
0.006926462
0.005806568
0.0063878484
0.01937778
0.010893052
0.008396177
0.005609391
0.017410493
0.0045832708
0.0055161277
0.014885993
0.0030301483
0.0049733957
0.01756109
0.0042512603
0.015884448
0.029026743
0.020747837
0.0013892314
0.02586511
0.0024908846
0.011325084
0.028841792
0.0048010866
0.014597493
0.022113767
0.0030637186
0.0120738745
0.037034456
0.0048957434
0.0072273454
0.0060270433
0.0035351259
0.03986909
0.006202554
0.023073278
0.044566415
0.0054811137
0.008461391
0.006568044
0.008463683
0.0073640984
0.0034563134
0.0047080857
0.00578388
0.025555242
0.020841815
0.008573387
0.012059265
0.00243424
0.04782648
0.016743325
0.002902885
0.0013118141
0.006943554
0.002285195
0.010739238
0.008475431
0.01452223
0.0071299463
0.02648375
0.0049449243
0.008540835
0.031053755
0.003729103
0.0048201145
0.0066524046
0.00830129
0.017259905
0.0073012486
0.0008589207
0.0017269594
0.0069191293
0.0044543385
0.0025261706
0.017726121
0.027340304
0.0018970403
0.018458469
0.0127482945
0.013447613
0.009548268
0.0062227524
0.007777765
0.017267723
0.017635738
0.016609222
0.036802974
0.0031698833
0.012333166
0.02706112
0.110625505
0.027156508
0.010140284
0.026909782
0.0027341864
0.00095987436
0.011675999
0.001559725
0.003732284
0.03760169
0.009282135
0.008013534
0.01455075
0.0022463326
0.002037266
0.0984944
0.0036843582
0.0027836063
0.0017379669
0.011858928
0.0071068467
0.004600667
0.0023001325
0.007782892
0.004876603
0.002892824
0.0014846195
0.0072049918
0.0010976843
0.004148772
0.0021954654
0.016703296
0.009247175
0.07638384
0.030259341
0.017329123
0.005879574
0.0098143425
0.013106577
0.062773965
0.003964426
0.008268556
0.00925832
0.0018336775
0.009087072
0.009940406
0.09133211
0.0046081096
0.009256503
0.007942109
0.004521801
0.0026484702
0.005828622
0.0017786969
0.003817277
0.007134694
0.0019970653
0.013705975
0.0014751838
0.26751515
0.008356541
0.048720364
0.004596074
0.09537974
0.0014382846
0.021842672
0.002665834
0.01687524
0.015550693
0.0064343438
