0.03034793
0.023594556
0.0029761302
0.0027243765
0.013308663
0.015175916
0.0037753887
0.0037569487
0.0046211802
0.00368678
0.0022085637
0.0048502805
0.013338487
0.009082261
0.005674937
0.0051431675
0.0060784807
0.003018785
0.009909237
0.012253371
0.0046625533
0.0038999594
0.01234013
0.0050308723
0.003853871
0.004817563
0.016722506
0.008614353
0.007231243
0.0046116225
0.00392819
0.0021926293
0.004565109
0.21549389
0.24587947
0.0060953195
0.0040555205
0.0060429964
0.006538477
0.20542865
0.013589249
0.005727808
0.0061602457
0.0072698114
0.0055319555
0.20760489
0.005052057
0.2020317
0.23208268
0.008351828
0.0024603265
0.0053055855
0.0046607424
0.0032837773
0.0048847543
0.008250571
0.004344316
0.00869378
0.006383029
0.008562167
0.013830974
0.0047937054
0.00768018
0.008629844
0.3262647
0.00562506
0.0040154643
0.014768645
0.006028357
0.009908878
0.0056098592
0.0066112177
0.0073018833
0.0068670493
0.005858444
0.0055659064
0.0024560373
0.012128832
0.0075558783
0.0038373424
0.01606774
0.0038390458
0.009386435
0.0054491763
0.012811738
0.024922183
0.005185946
0.0026109593
0.0041445093
0.0025881152
0.004675839
0.0048057856
0.0077744857
0.0039770454
0.0049589644
0.0038187427
0.0060585276
0.003999388
0.01772922
0.33809802
0.0049018487
0.3100698
0.11571812
0.0025776797
0.0040695034
0.2528231
0.0045785196
0.0048057856
0.004277972
0.0067154276
0.0033827934
0.006466729
0.007862101
0.017325675
0.012145436
0.0038068828
0.0034686893
0.0032242548
0.013947664
0.0035374581
0.005361673
0.0038401233
0.0055319555
0.022692729
0.004602793
0.0124808485
0.00562506
0.0074749924
0.00392747
0.00503433
0.0026566035
0.004039258
0.006834019
0.0065750475
0.0043814676
0.0036175288
0.004975373
0.00824606
0.002773638
0.0056849
0.013286856
0.004605287
0.004605287
0.006941613
0.004944884
0.003318063
0.0031070546
0.0037636338
0.011912566
0.020837672
0.00447132
0.004127277
0.0055410005
0.005923312
0.004313304
0.0050610984
0.0044574076
0.032084554
0.0032600213
0.004765085
0.005595319
0.0030132278
0.0036441963
0.0038548673
0.016446844
0.0049940636
0.003357673
0.0037067481
0.0048037255
0.0070177643
0.004061824
0.013948195
0.008777401
0.0027093135
0.003665591
0.0024222056
0.0049182824
0.0049589644
0.0081022605
0.003756835
0.020252857
0.003201004
0.0055273473
0.0056137396
0.004563892
0.022692729
0.00264756
0.0041832966
0.00274072
0.007684944
0.0036281876
0.004693938
0.0122094415
0.03448097
0.0060044494
0.004921279
0.009522595
0.0072000874
0.0052232086
0.0047202106
0.005414794
0.0055685337
0.0058836876
0.008937819
0.0023107845
0.011464133
0.008701781
0.0076372814
0.0038664693
0.005197797
0.002546895
0.0036472282
0.012473151
0.005524841
0.013102087
0.015208985
0.005834397
0.007684944
0.008427363
0.0055659064
0.007003441
0.011912566
0.0049979542
0.0030057626
0.009775993
0.0047937054
0.003797733
0.00757034
0.004080053
0.0131169995
0.0072577163
0.017484965
0.21549389
0.003385349
0.0070788222
0.011143637
0.011560604
0.20001599
0.012674965
0.005317913
0.002656819
0.0051627173
0.008040393
0.0062394673
0.004443775
0.0030197368
0.0024603265
0.008160695
0.0044764103
0.004732095
0.007825392
0.0044611194
0.005819036
0.0038943863
0.005588539
0.005148183
0.0044764103
0.018822111
0.004431325
0.004710422
0.004196264
0.007196898
0.0048784097
0.0042344104
0.0030790435
0.001959605
0.00409673
0.006024817
0.0053685117
0.005776634
0.0021289093
0.0036958656
0.005787609
0.0058512315
0.01747831
0.0067312694
0.0065902616
0.014239677
0.0044413614
0.021668408
0.0043334775
0.004225828
0.0144708445
0.015059888
0.43196738
0.010297205
0.0049444297
0.007837957
0.0025767905
0.005161181
0.01322754
0.005819036
0.011050671
0.0052469317
0.0065639066
0.0044894004
0.0065443176
0.020643916
0.003006508
0.004975373
0.0032242548
0.012535823
0.005174797
0.003143391
0.012430739
0.0039585736
0.005575299
0.0030825448
0.0040047206
0.002285901
0.0031406563
0.006157149
0.004480038
0.006142717
0.014608196
0.0098655615
0.0044976855
0.0030132278
0.0041704793
0.25086918
0.0072000874
0.0043445774
0.0036473686
0.003249123
0.25086918
0.0039780405
0.012479985
0.0063011097
0.0062266686
0.010141774
0.0065858457
0.008176955
0.016419653
0.0038094083
0.011143637
0.003553794
0.009443846
0.0046881577
0.0022563753
0.009139257
0.005495854
0.006015027
0.010898436
0.004085218
0.0065100747
0.004224138
0.0048528654
0.006263269
0.01641401
0.0066824513
0.0028916588
0.01359402
0.0070332936
0.0061010076
0.0058532385
0.01097579
0.0041617826
0.017636111
0.004096816
0.0040208623
0.0031406563
0.0050383913
0.0053428635
0.033687796
0.011629729
0.0061655063
0.0019737903
0.006559019
0.0048037255
0.006353378
0.002014088
0.0043433798
0.010179056
0.008044471
0.005193414
0.002781273
0.0034484447
0.0043169046
0.0020232804
0.0056527737
0.004073207
0.014169668
0.008423187
0.0074969605
0.008925652
0.15647976
0.0039531947
0.0052865343
0.0070303595
0.0041632922
0.0036473686
0.0068670493
0.0064845793
0.0036586525
0.009842162
0.0035491467
0.102663405
0.0025720398
0.018516444
0.008388015
0.012104747
0.029322738
0.005365117
0.0036586525
0.015721295
0.0077702003
0.0047379388
0.0038280631
0.009897817
0.0039531947
0.0029442168
0.005602389
0.0045315996
0.007015266
0.0040958584
0.0063894414
0.0040555927
0.0039145006
0.016818078
0.002793158
0.008191964
0.010633061
0.0031402654
0.0077744857
0.005010439
0.021388657
0.0144708445
0.005004721
0.0077303606
0.004443754
0.006199833
