1.7426668e-10
3.2226577e-10
1.288524e-09
1.6675776e-09
2.2587884e-10
7.603108e-10
1.6827006e-09
8.518568e-10
2.623215e-10
2.025475e-09
3.382458e-10
4.660736e-10
4.890225e-10
3.469824e-09
1.874455e-09
1.1491353e-09
9.258274e-10
1.3469648e-09
1.3050144e-08
6.1415767e-10
1.0578148e-09
3.871464e-09
7.650079e-10
7.050961e-10
5.6800378e-09
1.7559273e-09
2.1440623e-09
5.52108e-10
3.968621e-10
2.0267379e-09
5.1306365e-10
2.3078948e-09
2.1289055e-09
8.9119405e-09
5.2157634e-09
1.8791284e-09
2.307125e-10
2.814802e-10
3.5116177e-09
1.8213118e-09
1.12234176e-07
1.7251543e-10
2.0151053e-10
7.38944e-09
2.512358e-10
1.7373449e-09
2.3838345e-10
1.6418966e-09
1.8243808e-08
2.4794583e-10
2.6137228e-09
5.4205285e-10
6.923462e-10
3.2058605e-09
2.781913e-09
2.0246067e-10
2.2425708e-09
1.670937e-10
1.0244556e-09
4.909781e-09
1.4468944e-09
2.851821e-10
1.9337541e-10
1.2757342e-08
5.113617e-09
1.7821585e-09
1.1103753e-09
5.0030674e-10
2.6233715e-10
1.933641e-09
2.9075645e-10
9.443918e-10
5.6428884e-10
1.8423445e-09
1.9722919e-10
4.8346094e-10
3.1532874e-09
7.0166994e-10
2.778761e-09
8.6834206e-10
8.497536e-10
9.807704e-10
4.848786e-09
1.5485775e-09
1.2787051e-09
1.01805e-08
1.7365833e-09
3.4695142e-09
6.9017485e-09
3.3442638e-10
8.3597806e-10
2.502139e-09
1.1883161e-09
2.5276519e-09
5.7658434e-10
3.1784286e-10
4.4302195e-10
8.4367213e-10
3.6536725e-09
1.123803e-08
2.5213437e-10
2.085442e-09
1.0556052e-09
4.5226856e-10
8.2402407e-10
7.547829e-10
3.1105345e-09
2.502139e-09
4.419249e-09
5.6502865e-09
5.791815e-10
1.3146092e-09
2.026051e-10
1.8680424e-07
7.258714e-10
1.8985733e-09
2.232479e-09
1.6346204e-09
1.0865167e-09
1.9618254e-09
4.797912e-10
4.0801218e-10
2.512358e-10
3.6250247e-10
1.6914873e-09
5.324615e-07
1.7821585e-09
2.2459927e-10
1.1863677e-09
3.1103106e-10
1.3544967e-09
5.8290606e-10
2.7793706e-10
1.2426684e-09
1.0378871e-09
1.599484e-09
1.2334604e-09
6.5389283e-10
3.6171174e-10
2.7346297e-10
4.285009e-10
1.2860524e-09
1.2860524e-09
2.1917299e-10
1.1235888e-09
2.0140037e-10
9.080755e-10
8.9292005e-09
1.6042471e-09
5.4189264e-10
1.6313801e-09
4.3037646e-10
1.0995127e-09
8.5814544e-10
3.624765e-10
3.7612526e-09
7.548878e-10
2.3399382e-10
2.7549545e-09
1.2684374e-09
1.7681279e-09
1.0096222e-09
9.367522e-10
3.3338967e-09
5.3353494e-10
5.102244e-10
3.0963863e-09
3.699098e-10
3.012748e-09
4.8700455e-10
9.2615304e-10
3.3260528e-09
8.993374e-09
2.7572344e-09
1.9528972e-09
1.4828085e-09
1.1941053e-09
5.7658434e-10
2.306478e-10
4.27434e-10
3.4587036e-10
7.613029e-10
1.5616133e-09
9.515451e-10
4.818489e-10
3.6250247e-10
4.5386828e-10
7.180707e-10
2.7331317e-09
6.6433197e-09
3.1492375e-09
1.6406423e-09
4.872296e-10
5.8969346e-10
1.1053934e-09
3.9719839e-10
1.8745256e-09
1.6338412e-09
1.3494552e-09
4.0600265e-10
4.703835e-10
1.9752573e-09
3.7215888e-09
5.4251886e-10
1.4389636e-09
1.7179495e-10
1.21658115e-08
4.3119966e-10
1.7257e-09
2.8520293e-09
3.2545096e-09
1.0002594e-09
6.6216804e-10
4.1091797e-10
2.9588434e-09
7.011706e-10
8.8652546e-10
6.6433197e-09
1.1121661e-08
4.8346094e-10
1.2583465e-09
1.6042471e-09
1.527869e-10
1.0170839e-09
3.5151787e-10
2.851821e-10
9.720778e-10
2.1292683e-10
1.0061967e-09
2.4804936e-10
2.1891662e-09
1.7942445e-09
8.9119405e-09
1.3069164e-08
9.458757e-10
2.1480284e-09
1.0167058e-09
3.4118228e-09
6.626452e-10
3.8734624e-09
1.2009449e-09
3.1765734e-10
8.776998e-10
4.895714e-10
2.8328209e-09
3.6804867e-10
2.6137228e-09
1.2166905e-09
2.0543007e-09
7.6307843e-10
5.398017e-10
1.8046781e-09
5.7769994e-10
1.028164e-09
8.511475e-10
2.1967166e-10
2.0543007e-09
9.8793596e-09
9.048933e-09
1.8552765e-10
8.5093643e-10
4.1912034e-09
1.3109991e-09
4.4121135e-10
4.9587343e-09
4.896093e-10
4.5956317e-10
1.1184447e-09
1.3979635e-09
2.0103548e-10
1.4238308e-09
1.0808467e-09
4.6462362e-10
2.3971103e-10
4.278431e-09
8.0621443e-10
7.272871e-09
3.515112e-10
8.893624e-10
2.0133136e-08
1.0560046e-09
1.0049688e-09
7.011268e-10
1.7774686e-09
6.5575336e-09
2.5697228e-10
3.6566725e-10
5.894532e-10
1.7701138e-09
5.6685895e-10
7.5649814e-10
5.7769994e-10
1.7865501e-10
7.596591e-10
2.4424087e-09
1.0099368e-09
3.474496e-09
2.68083e-10
1.0112323e-09
1.2334604e-09
1.6346204e-09
3.2864365e-09
3.99386e-10
1.2895244e-09
6.0180105e-10
5.41445e-10
4.904608e-10
2.0455422e-10
1.2137844e-09
5.0908133e-10
5.6897564e-10
1.1665209e-09
3.0588898e-10
2.0726178e-10
2.7363656e-10
3.7069184e-10
4.798903e-10
1.0096222e-09
1.6233042e-09
7.8694445e-10
1.6338412e-09
1.4075225e-09
7.905051e-09
3.0502219e-09
7.8694445e-10
7.733477e-10
3.1044625e-10
3.0424768e-10
2.8180749e-09
6.0631933e-10
4.0933408e-09
4.2444576e-10
4.2225567e-10
8.920617e-10
2.1480284e-09
1.8783453e-08
3.0187226e-09
2.0551123e-09
1.1477981e-09
2.9001004e-10
3.8002468e-10
6.64082e-10
1.9693315e-10
9.577283e-09
2.092364e-10
9.940729e-10
1.7469005e-10
2.8831457e-10
5.406636e-10
8.093027e-10
1.1253162e-09
8.396883e-09
3.2421044e-10
2.9584013e-10
1.3177299e-09
2.236007e-09
2.1431354e-09
7.868445e-10
1.3307733e-09
1.2467974e-09
5.6897564e-10
5.5910293e-10
3.056817e-10
1.9615452e-10
2.8802318e-09
1.5852117e-09
1.0116585e-09
2.5960734e-10
3.012748e-09
2.2272575e-09
1.2730268e-09
6.512535e-10
2.090021e-09
1.4736092e-09
1.47215e-10
8.2107815e-10
1.8685267e-09
1.4733517e-09
2.315426e-09
1.7491237e-09
2.3092932e-09
6.8308414e-10
3.194457e-10
9.495438e-10
1.7128856e-09
1.322921e-08
4.6658505e-10
4.3407344e-10
2.8006575e-10
2.6293367e-10
7.905051e-09
1.8423445e-09
1.1012216e-09
2.1293902e-09
8.5996693e-10
7.634724e-10
8.875658e-10
2.1086808e-09
2.5696767e-10
6.7086003e-10
3.0683855e-10
2.8065686e-10
6.146197e-10
2.1293902e-09
9.56369e-10
1.0416721e-09
4.1794435e-10
1.8621785e-09
1.6171657e-09
4.6658505e-10
5.979557e-10
3.9747292e-10
8.6834645e-10
2.6764008e-10
1.0548219e-09
5.8855965e-10
7.7716633e-10
4.8690973e-10
9.592696e-10
2.563079e-09
2.9863445e-10
1.1782011e-09
1.5699226e-09
1.1883161e-09
3.61564e-09
4.789884e-10
7.011268e-10
1.7418764e-09
1.5587705e-08
1.7682684e-09
2.1352853e-09
