36.356903
37.732613
42.08513
46.3143
37.492886
42.10279
41.780846
41.712837
37.471962
45.888714
38.104885
39.91916
41.149185
50.26932
47.877747
44.47886
43.78782
45.20945
48.38485
39.782707
41.26627
49.67646
38.472534
41.637566
52.645164
45.625824
46.217667
42.214737
39.601418
44.718174
40.99507
47.271824
48.268467
54.46158
49.81354
46.612087
37.30111
36.64991
45.270203
47.356796
64.58194
36.72425
36.119164
54.252438
36.56356
47.15236
36.385998
43.86676
57.516575
37.74969
45.159927
42.554432
41.857105
48.299442
47.89307
36.87643
46.214607
35.964798
42.67669
52.691826
44.1576
39.098057
37.09072
56.453957
50.778404
45.988396
42.206825
42.1178
38.249435
45.278744
37.15036
38.72782
40.516697
45.60231
37.23723
40.78329
46.89215
38.810734
49.22833
40.093735
40.531593
42.636566
49.74796
42.043594
42.66498
54.998318
46.480297
48.172817
53.628384
37.189022
41.59433
47.569664
45.692276
47.606068
40.341354
39.16889
39.679462
42.6943
41.813225
54.68325
37.434135
46.123985
40.56274
40.579945
39.0365
43.390812
49.808464
47.569664
51.26028
53.254433
39.708363
45.554356
36.79508
67.49152
43.224407
45.57759
47.90707
45.03921
43.735786
47.806076
40.47401
38.231636
36.56356
38.593758
47.668423
71.34975
45.988396
37.978153
43.988766
36.201786
44.44924
40.01797
37.30514
43.84053
41.557888
45.488377
43.41198
41.962284
38.04891
37.41565
40.48281
43.70833
43.70833
37.07681
42.349663
35.679893
41.893192
54.178905
41.77899
40.636887
45.11164
40.54302
42.69279
43.452763
39.41901
51.211452
41.914642
37.577076
48.05459
44.05874
43.97986
43.694614
44.683403
49.53508
39.953365
40.22763
46.724552
38.11669
48.036415
38.112404
40.612892
44.386055
54.71839
45.02099
42.849754
43.83881
43.6417
40.341354
38.499187
39.901184
38.09413
41.18105
42.330025
43.56056
39.506466
38.593758
39.592327
43.579033
45.636635
48.928574
48.62303
45.898117
40.692154
36.732338
44.808575
39.81448
45.64508
43.546997
45.174057
40.338398
40.194756
45.42406
41.730927
39.144577
44.88771
36.58645
56.56731
40.983803
45.933716
47.513657
44.417274
44.119118
39.527924
38.864197
47.658848
40.98576
42.702324
48.928574
56.115665
40.78329
44.33002
41.77899
35.396664
42.963203
38.235115
39.098057
42.78943
36.65214
43.181053
37.58274
47.955555
37.23098
54.46158
55.882473
43.512123
46.028694
42.391014
50.18062
42.41064
43.986023
44.660755
36.090057
44.95886
41.213894
48.695694
37.79437
45.159927
45.811237
42.98273
41.904068
40.450153
48.022366
41.852814
42.19477
42.066616
36.60842
42.98273
54.869118
54.557747
34.743126
42.599644
50.760006
44.561428
39.459072
51.31163
38.681828
41.01316
45.9762
44.65287
37.75298
43.951477
44.00679
42.344482
37.246014
41.472645
44.767014
52.878616
39.005474
42.978554
56.722275
42.626892
44.60856
39.54578
41.798576
53.623585
37.415565
37.094353
42.630886
43.346382
42.34728
43.2041
41.852814
36.852108
43.03073
49.649887
43.70513
46.034424
37.26165
43.0077
43.41198
45.03921
46.076927
39.039364
44.91449
38.74073
41.905155
40.51626
35.6047
42.985146
39.07628
41.187584
44.194065
36.8375
37.20199
38.399677
40.347733
41.703373
43.694614
45.989246
43.59855
43.546997
44.89525
53.62747
48.790665
43.59855
40.182476
38.775402
38.517345
49.58437
41.270065
51.25994
39.30038
40.22608
39.472263
46.028694
57.023003
46.802467
45.561634
42.71595
38.51059
38.74669
40.83653
37.06637
54.634876
36.4872
42.65796
36.986107
38.42248
42.034115
42.782272
43.64933
53.719322
39.771122
38.02352
46.339947
45.968277
47.61957
41.58197
43.537003
44.20356
41.187584
42.623043
38.543396
37.180573
49.055435
45.979992
42.099186
37.253567
48.036415
48.424072
42.761513
42.367188
45.814987
43.485683
34.952568
42.84809
47.26417
44.94371
46.155823
47.994705
46.946545
42.358536
38.979904
43.438942
44.513184
54.45568
39.672344
38.7767
36.648582
35.24389
53.62747
45.60231
42.871727
48.13236
41.54823
41.631165
41.508503
47.289566
37.18339
41.097355
38.864407
38.5719
41.61089
48.13236
39.33345
44.473225
38.28974
44.087524
47.87954
39.672344
40.712486
40.448032
42.272034
38.649982
44.535744
43.164387
43.386654
39.670536
42.257683
45.368034
38.64906
40.302753
44.56776
45.692276
47.74723
38.340652
39.54578
44.957268
57.301098
47.99865
48.615425
