0.29030561447143555
0.0056934356689453125
0.005564212799072266
0.00561213493347168
0.0056056976318359375
0.0056111812591552734
0.0063495635986328125
0.005633354187011719
0.00560760498046875
0.005791187286376953
0.005605459213256836
0.005636453628540039
0.005600690841674805
0.005883693695068359
0.005536079406738281
0.005641937255859375
0.005555152893066406
0.005657196044921875
0.005631208419799805
0.006566286087036133
0.00568699836730957
0.005629062652587891
0.005630016326904297
0.0057392120361328125
0.0056416988372802734
0.005598306655883789
0.005606651306152344
0.005574226379394531
0.005646228790283203
0.00705265998840332
0.005618572235107422
0.006083965301513672
0.005709171295166016
0.005615234375
0.005623817443847656
0.005616188049316406
0.005930900573730469
0.005797147750854492
0.006273508071899414
0.005567789077758789
0.005683422088623047
0.0056645870208740234
0.005651712417602539
0.006452798843383789
0.0055959224700927734
0.0056378841400146484
0.005597114562988281
0.005530834197998047
0.006597757339477539
0.006261587142944336
0.005642890930175781
0.005652189254760742
0.005609035491943359
0.005689859390258789
0.006363630294799805
0.0057659149169921875
0.005705833435058594
0.005689144134521484
0.005745649337768555
0.005607128143310547
0.0070078372955322266
0.005611419677734375
0.005632877349853516
0.006482362747192383
0.005608320236206055
0.005466461181640625
0.0055921077728271484
0.005565166473388672
0.005767345428466797
0.005677223205566406
0.005685567855834961
0.006482839584350586
0.005667448043823242
0.0056610107421875
0.005572795867919922
0.005612611770629883
0.005582094192504883
0.005803823471069336
0.005652666091918945
0.005816221237182617
0.005869388580322266
0.005704164505004883
0.005621194839477539
0.005735874176025391
0.0059168338775634766
0.00581049919128418
0.00562286376953125
0.006025075912475586
0.0055620670318603516
0.006159543991088867
0.005723476409912109
0.0056841373443603516
0.0070607662200927734
0.005815982818603516
0.0067596435546875
0.0056154727935791016
0.005572080612182617
0.005582332611083984
0.0060825347900390625
0.005827665328979492
0.005861997604370117
0.00579833984375
0.006484270095825195
0.005517482757568359
0.00696253776550293
0.0063440799713134766
0.005930423736572266
0.005638599395751953
0.005616664886474609
0.00562286376953125
0.006041765213012695
0.005648136138916016
0.0057833194732666016
0.005665302276611328
0.0057675838470458984
0.005864381790161133
0.005568742752075195
0.005567789077758789
0.006598949432373047
0.005491971969604492
0.006221294403076172
0.0056209564208984375
0.005705595016479492
0.006529808044433594
0.007355451583862305
0.006543397903442383
0.005589962005615234
0.005581855773925781
0.007476091384887695
0.005826711654663086
0.005822896957397461
0.00605463981628418
0.005581378936767578
0.005788087844848633
0.005686521530151367
0.0067081451416015625
0.005744457244873047
0.0055806636810302734
0.005985260009765625
0.005834817886352539
0.005650520324707031
0.005623579025268555
0.005596637725830078
0.005636453628540039
0.005867958068847656
0.0064067840576171875
0.005663633346557617
0.006371974945068359
0.005929470062255859
0.005602359771728516
0.00636601448059082
0.00567626953125
0.005980968475341797
0.005683183670043945
0.0056421756744384766
0.006580352783203125
0.006032705307006836
0.005668163299560547
0.005726337432861328
0.006445407867431641
0.005686044692993164
0.005934000015258789
0.005846738815307617
0.005685567855834961
0.006142854690551758
0.005647182464599609
0.005966901779174805
0.005568742752075195
0.0055997371673583984
0.006695985794067383
0.005603313446044922
0.0058176517486572266
0.0056116580963134766
0.005694389343261719
0.005625486373901367
0.0069544315338134766
0.005632638931274414
0.005780458450317383
0.005951881408691406
0.006192207336425781
0.005602598190307617
0.005664348602294922
0.0056149959564208984
0.005695819854736328
0.005855560302734375
0.006006717681884766
0.0056688785552978516
0.0056421756744384766
0.006600379943847656
0.005625486373901367
0.005651950836181641
0.005636692047119141
0.0069692134857177734
0.005658626556396484
0.005895376205444336
0.0056171417236328125
0.0056726932525634766
0.005662441253662109
0.005678653717041016
0.005664348602294922
0.00587010383605957
0.006537914276123047
0.005682229995727539
0.0056018829345703125
0.005624055862426758
0.005738496780395508
0.005639791488647461
0.0063397884368896484
0.00569605827331543
0.0054471492767333984
0.005604743957519531
0.005656003952026367
0.006039142608642578
0.00561070442199707
0.005910634994506836
0.005731105804443359
0.005655765533447266
0.005623579025268555
0.005608797073364258
0.0061991214752197266
0.006066083908081055
0.005624532699584961
0.0055921077728271484
0.00566411018371582
0.006723165512084961
0.005787372589111328
0.006109952926635742
0.0055904388427734375
0.005754709243774414
0.005605459213256836
0.0070302486419677734
0.005640745162963867
0.005681037902832031
0.0056383609771728516
0.00592041015625
0.005619049072265625
0.006483554840087891
0.0056612491607666016
0.0056383609771728516
0.0055997371673583984
